15383
15391
15401
15413
15427
15439
15443
15451
15461
15467
15473
15493
15497
15511
15527
15541
15551
15559
15569
15581
15583
15601
15607
15619
15629
15641
15643
15647
15649
15661
15667
15671
15679
15683
15727
15731
15733
15737
15739
15749
15761
15767
15773
15787
15791
15797
15803
15809
15817
15823
15859
15877
15881
15887
15889
15901
15907
15913
15919
15923
15937
15959
15971
15973
15991
16001
16007
16033
16057
16061
16063
16067
16069
16073
16087
16091
16097
16103
16111
16127
16139
16141
16183
16187
16189
16193
16217
16223
16229
16231
16249
16253
16267
16273
16301
16319
16333
16339
16349
16361
16363
16369
16381
16411
16417
16421
16427
16433
16447
16451
16453
16477
16481
16487
16493
16519
16529
16547
16553
16561
16567
16573
16603
16607
16619
16631
16633
16649
16651
16657
16661
16673
16691
16693
16699
16703
16729
16741
16747
16759
16763
16787
16811
16823
16829
16831
16843
16871
16879
16883
16889
16901
16903
16921
16927
16931
16937
16943
16963
16979
16981
16987
16993
17011
17021
17027
17029
17033
17041
17047
17053
17077
17093
17099
17107
17117
17123
17137
17159
17167
17183
17189
17191
17203
17207
17209
17231
17239
17257
17291
17293
17299
17317
17321
17327
17333
17341
17351
17359
17377
17383
17387
17389
17393
17401
17417
17419
17431
17443
17449
17467
17471
17477
17483
17489
17491
17497
17509
17519
17539
17551
17569
17573
17579
17581
17597
17599
17609
17623
17627
17657
17659
17669
17681
17683
17707
17713
17729
17737
17747
17749
17761
17783
17789
17791
17807
17827
17837
17839
17851
17863
17881
17891
17903
17909
17911
17921
17923
17929
17939
17957
17959
17971
17977
17981
17987
17989
18013
18041
18043
18047
18049
18059
18061
18077
18089
18097
18119
18121
18127
18131
18133
18143
18149
18169
18181
18191
18199
18211
18217
18223
18229
18233
18251
18253
18257
18269
18287
18289
18301
18307
18311
18313
18329
18341
18353
18367
18371
18379
18397
18401
18413
18427
18433
18439
18443
18451
18457
18461
18481
18493
18503
18517
18521
18523
18539
18541
18553
18583
18587
18593
18617
18637
18661
18671
18679
18691
18701
18713
18719
18731
18743
18749
18757
18773
18787
18793
18797
18803
18839
18859
18869
18899
18911
18913
18917
18919
18947
18959
18973
18979
19001
19009
19013
19031
19037
19051
19069
19073
19079
19081
19087
19121
19139
19141
19157
19163
19181
19183
19207
19211
19213
19219
19231
19237
19249
19259
19267
19273
19289
19301
19309
19319
19333
19373
19379
19381
19387
19391
19403
19417
19421
19423
19427
19429
19433
19441
19447
19457
19463
19469
19471
19477
19483
19489
19501
19507
19531
19541
19543
19553
19559
19571
19577
19583
19597
19603
19609
19661
19681
19687
19697
19699
19709
19717
19727
19739
19751
19753
19759
19763
19777
19793
19801
19813
19819
19841
19843
19853
19861
19867
19889
19891
19913
19919
19927
19937
19949
19961
19963
19973
19979
19991
19993
19997